0 1.200000
1 1.085805
2 0.982477
3 0.888982
4 0.804384
5 0.727837
6 0.658574
7 0.595902
8 0.539195
9 0.487884
10 0.441455
11 0.399445
12 0.361433
13 0.327038
14 0.295916
15 0.267756
16 0.242276
17 0.219220
18 0.246463
19 0.307757
20 0.397178
21 0.494698
22 0.583265
23 0.655619
24 0.710732
25 0.750036
26 0.775630
27 0.789630
28 0.793964
29 0.790330
30 0.780201
31 0.764842
32 0.745342
33 0.722627
34 0.697486
35 0.675245
36 0.663863
37 0.668461
38 0.690802
39 0.728579
40 0.777080
41 0.830922
42 0.885404
43 0.937379
44 0.985353
45 1.028993
46 1.068476
47 1.104007
48 1.135587
49 1.162981
50 1.185804
51 1.203651
52 1.216485
53 1.225608
54 1.233433
55 1.242714
56 1.255372
57 1.271314
58 1.287582
59 1.298593
60 1.298236
61 1.282756
62 1.251977
63 1.208379
64 1.155518
65 1.096929
66 1.035636
67 0.974022
68 0.913880
69 0.856496
70 0.802634
71 0.752489
72 0.705736
73 0.661730
74 0.619840
75 0.579818
76 0.541986
77 0.507193
78 0.476675
79 0.452062
80 0.435599
81 0.430438
82 0.440628
83 0.470066
84 0.519976
85 0.586417
86 0.661005
87 0.734798
88 0.801487
89 0.857915
90 0.903110
91 0.937260
92 0.961090
93 0.975605
94 0.982012
95 0.981697
96 0.976237
97 0.967452
98 0.957519
99 0.949112
100 0.945426
101 0.949830
102 0.964947
103 0.991405
104 1.026797
105 1.065501
106 1.100331
107 1.125689
108 1.139706
109 1.143858
110 1.141285
111 1.135400
112 1.129145
113 1.124705
114 1.123387
115 1.125572
116 1.130703
117 1.137322
118 1.143128
119 1.144988
120 1.139072
121 1.121762
122 1.091658
123 1.050963
124 1.004313
125 0.956414
126 0.910743
127 0.869387
128 0.833268
129 0.802381
130 0.776007
131 0.752966
132 0.731924
133 0.711727
134 0.691683
135 0.671748
136 0.652640
137 0.635941
138 0.624249
139 0.621204
140 0.630916
141 0.656368
142 0.697366
143 0.749925
144 0.808058
145 0.866325
146 0.921143
147 0.970719
148 1.014423
149 1.052204
150 1.084218
151 1.110668
152 1.131784
153 1.147901
154 1.159582
155 1.167774
156 1.173954
157 1.180189
158 1.188916
159 1.202192
160 1.220445
161 1.241186
162 1.258763
163 1.266286
164 1.258944
165 1.235924
166 1.199665
167 1.153978
168 1.102639
169 1.048778
170 0.994755
171 0.942235
172 0.892280
173 0.845406
174 0.801591
175 0.760280
176 0.720531
177 0.681399
178 0.642465
179 0.604178
180 0.567762
181 0.534886
182 0.507477
183 0.487817
184 0.478731
185 0.483538
186 0.505308
187 0.545260
188 0.601152
189 0.667339
190 0.736852
191 0.803747
192 0.864109
193 0.915841
194 0.958028
195 0.990449
196 1.013370
197 1.027499
198 1.033953
199 1.034205
200 1.030058
201 1.023661
202 1.017569
203 1.014712
204 1.018122
205 1.030285
206 1.052185
207 1.082272
208 1.115781
209 1.145484
210 1.164577
211 1.169838
212 1.162239
213 1.145265
214 1.123018
215 1.099141
216 1.076439
217 1.056806
218 1.041191
219 1.029549
220 1.020763
221 1.012659
222 1.002189
223 0.985975
224 0.961373
225 0.927878
226 0.887701
227 0.844748
228 0.803028
229 0.765798
230 0.735436
231 0.713515
232 0.700766
233 0.696985
234 0.701059
235 0.711217
236 0.725485
237 0.742205
238 0.760487
239 0.780547
240 0.803796
241 0.832465
242 0.868391
243 0.911255
244 0.957877
245 1.003735
246 1.045223
247 1.080692
248 1.110207
249 1.134864
250 1.156158
251 1.175524
252 1.194054
253 1.212379
254 1.230695
255 1.248884
256 1.266640
257 1.283480
258 1.298500
259 1.309769
260 1.313696
261 1.305660
262 1.282615
263 1.245222
264 1.197020
265 1.142193
266 1.084148
267 1.025192
268 0.966703
269 0.909441
270 0.853817
271 0.800079
272 0.748416
273 0.698999
274 0.651991
275 0.607558
276 0.565929
277 0.527497
278 0.492962
279 0.463451
280 0.440647
281 0.426956
282 0.425606
283 0.440320
284 0.474057
285 0.526868
286 0.594386
287 0.668819
288 0.741983
289 0.807811
290 0.863005
291 0.906455
292 0.938388
293 0.959730
294 0.971732
295 0.975805
296 0.973487
297 0.966480
298 0.956735
299 0.946570
300 0.938761
301 0.936469
302 0.942809
303 0.959995
304 0.988265
305 1.024910
306 1.064101
307 1.098665
308 1.123405
309 1.137060
310 1.141552
311 1.140181
312 1.136291
313 1.132636
314 1.131148
315 1.132844
316 1.137804
317 1.145212
318 1.153459
319 1.160217
320 1.162401
321 1.156239
322 1.138207
323 1.107121
324 1.065472
325 1.018065
326 0.969583
327 0.923356
328 0.881269
329 0.844032
330 0.811458
331 0.782721
332 0.756648
333 0.732041
334 0.707977
335 0.684032
336 0.660379
337 0.637844
338 0.617994
339 0.603317
340 0.597306
341 0.604023
342 0.626663
343 0.665554
344 0.717249
345 0.775948
346 0.835981
347 0.893317
348 0.945695
349 0.992089
350 1.032149
351 1.065827
352 1.093216
353 1.114525
354 1.130140
355 1.140719
356 1.147307
357 1.151472
358 1.155376
359 1.161622
360 1.172652
361 1.189671
362 1.211384
363 1.233268
364 1.248462
365 1.250668
366 1.237057
367 1.208749
368 1.169213
369 1.122479
370 1.072115
371 1.020906
372 0.970856
373 0.923279
374 0.878864
375 0.837673
376 0.799122
377 0.762077
378 0.725223
379 0.687680
380 0.649539
381 0.611928
382 0.576625
383 0.545677
384 0.521332
385 0.506185
386 0.503249
387 0.515553
388 0.545016
389 0.590971
390 0.649578
391 0.714975
392 0.781321
393 0.844174
394 0.900712
395 0.949309
396 0.989066
397 1.019593
398 1.041016
399 1.054012
400 1.059763
401 1.059877
402 1.056343
403 1.051530
404 1.048181
405 1.049234
406 1.057364
407 1.074217
408 1.099463
409 1.129911
410 1.159358
411 1.180342
412 1.187519
413 1.179893
414 1.160138
415 1.132500
416 1.101156
417 1.069486
418 1.039921
419 1.013946
420 0.992104
421 0.973929
422 0.957909
423 0.941608
424 0.922086
425 0.896761
426 0.864540
427 0.826563
428 0.785791
429 0.745799
430 0.709874
431 0.680764
432 0.660696
433 0.651282
434 0.653232
435 0.666083
436 0.688225
437 0.717346
438 0.751092
439 0.787658
440 0.826121
441 0.866430
442 0.908937
443 0.953453
444 0.998343
445 1.040707
446 1.077710
447 1.107795
448 1.130955
449 1.148364
450 1.161881
451 1.173615
452 1.185533
453 1.199113
454 1.215074
455 1.233217
456 1.252395
457 1.270558
458 1.284811
459 1.291496
460 1.286632
461 1.267273
462 1.233267
463 1.187540
464 1.134458
465 1.078063
466 1.021283
467 0.965883
468 0.912684
469 0.861823
470 0.813029
471 0.765889
472 0.720090
473 0.675568
474 0.632548
475 0.591509
476 0.553138
477 0.518356
478 0.488427
479 0.465150
480 0.451069
481 0.449518
482 0.464138
483 0.497449
484 0.548889
485 0.613937
486 0.685516
487 0.756539
488 0.821649
489 0.877611
490 0.922941
491 0.957377
492 0.981433
493 0.996094
494 1.002626
495 1.002505
496 0.997416
497 0.989331
498 0.980616
499 0.974093
500 0.972911
501 0.980045
502 0.997456
503 1.025106
504 1.060061
505 1.096296
506 1.126435
507 1.145185
508 1.151448
509 1.147526
510 1.137132
511 1.123948
512 1.110994
513 1.100433
514 1.093503
515 1.090464
516 1.090554
517 1.092009
518 1.092154
519 1.087570
520 1.074588
521 1.050551
522 1.015530
523 0.972735
524 0.926852
525 0.882125
526 0.841574
527 0.807007
528 0.779199
529 0.758018
530 0.742566
531 0.731406
532 0.722900
533 0.715607
534 0.708656
535 0.702035
536 0.696789
537 0.695155
538 0.700526
539 0.716816
540 0.746707
541 0.789509
542 0.840822
543 0.894785
544 0.946675
545 0.993905
546 1.035658
547 1.072137
548 1.103946
549 1.131720
550 1.155965
551 1.177045
552 1.195250
553 1.210928
554 1.224643
555 1.237320
556 1.250254
557 1.264696
558 1.280754
559 1.295926
560 1.304798
561 1.301360
562 1.282431
563 1.248773
564 1.203585
565 1.150617
566 1.093152
567 1.033733
568 0.974216
569 0.915907
570 0.859682
571 0.806072
572 0.755304
573 0.707338
574 0.661923
575 0.618766
576 0.577790
577 0.539365
578 0.504340
579 0.473962
580 0.449885
581 0.434360
582 0.430460
583 0.441959
584 0.472278
585 0.522256
586 0.588109
587 0.662049
588 0.735564
589 0.802320
590 0.858901
591 0.904119
592 0.938081
593 0.961541
594 0.975573
595 0.981463
596 0.980670
597 0.974844
598 0.965872
599 0.955985
600 0.947869
601 0.944657
602 0.949571
603 0.965078
604 0.991748
605 1.027218
606 1.065921
607 1.100647
608 1.125785
609 1.139541
610 1.143502
611 1.140898
612 1.135167
613 1.129238
614 1.125241
615 1.124412
616 1.127041
617 1.132491
618 1.139256
619 1.145032
620 1.146719
621 1.140542
622 1.122941
623 1.092564
624 1.051655
625 1.004876
626 0.956938
627 0.911294
628 0.869992
629 0.833904
630 0.802975
631 0.776445
632 0.753120
633 0.731683
634 0.711024
635 0.690511
636 0.670155
637 0.650707
638 0.633757
639 0.621894
640 0.618745
641 0.628412
642 0.653867
643 0.694910
644 0.747548
645 0.805795
646 0.864214
647 0.919217
648 0.968989
649 1.012876
650 1.050798
651 1.082888
652 1.109334
653 1.130368
654 1.146335
655 1.157821
656 1.165790
657 1.171740
658 1.177759
659 1.186302
660 1.199457
661 1.217701
662 1.238616
663 1.256610
664 1.264766
665 1.258152
666 1.235818
667 1.200128
668 1.154887
669 1.103900
670 1.050333
671 0.996577
672 0.944317
673 0.894628
674 0.848034
675 0.804508
676 0.763481
677 0.723987
678 0.685046
679 0.646212
680 0.607917
681 0.571394
682 0.538323
683 0.510647
684 0.490642
685 0.481118
686 0.485367
687 0.506452
688 0.545643
689 0.600816
690 0.666462
691 0.735702
692 0.802596
693 0.863192
694 0.915333
695 0.958045
696 0.991048
697 1.014557
698 1.029238
699 1.036179
700 1.036836
701 1.033001
702 1.026813
703 1.020815
704 1.017924
705 1.021163
706 1.033033
707 1.054562
708 1.084289
709 1.117550
710 1.147159
711 1.166234
712 1.171403
713 1.163530
714 1.146078
715 1.123176
716 1.098510
717 1.074927
718 1.054358
719 1.037797
720 1.025239
721 1.015616
722 1.006796
723 0.995774
724 0.979204
725 0.954462
726 0.921015
727 0.881002
728 0.838263
729 0.796774
730 0.759792
731 0.729733
732 0.708225
733 0.696068
734 0.693122
735 0.698307
736 0.709853
737 0.725752
738 0.744290
739 0.764513
740 0.786554
741 0.811716
742 0.842063
743 0.879202
744 0.922590
745 0.968978
746 1.013982
747 1.054240
748 1.088328
749 1.116473
750 1.139879
751 1.160112
752 1.178656
753 1.196627
754 1.214649
755 1.232874
756 1.251102
757 1.268897
758 1.285593
759 1.300020
760 1.309900
761 1.311386
762 1.300050
763 1.273576
764 1.233379
765 1.183325
766 1.127546
767 1.069254
768 1.010541
769 0.952611
770 0.896083
771 0.841265
772 0.788335
773 0.737448
774 0.688763
775 0.642454
776 0.598723
777 0.557849
778 0.520299
779 0.486867
780 0.458804
781 0.437963
782 0.426964
783 0.429224
784 0.448421
785 0.486957
786 0.543819
787 0.613610
788 0.688229
789 0.759930
790 0.823357
791 0.875803
792 0.916518
793 0.945921
794 0.965020
795 0.975106
796 0.977616
797 0.974120
798 0.966370
799 0.956398
800 0.946634
801 0.939969
802 0.939606
803 0.948514
804 0.968502
805 0.999146
806 1.036925
807 1.075412
808 1.107591
809 1.129155
810 1.139786
811 1.141940
812 1.139048
813 1.134371
814 1.130494
815 1.129145
816 1.131129
817 1.136308
818 1.143660
819 1.151376
820 1.156916
821 1.156974
822 1.147708
823 1.126020
824 1.091693
825 1.048062
826 1.000093
827 0.952168
828 0.907222
829 0.866816
830 0.831413
831 0.800638
832 0.773536
833 0.748873
834 0.725456
835 0.702433
836 0.679494
837 0.656965
838 0.635864
839 0.618023
840 0.606259
841 0.604353
842 0.616305
843 0.644590
844 0.688261
845 0.742802
846 0.802186
847 0.861224
848 0.916571
849 0.966518
850 1.010389
851 1.048024
852 1.079467
853 1.104862
854 1.124459
855 1.138695
856 1.148304
857 1.154446
858 1.158842
859 1.163793
860 1.171892
861 1.185233
862 1.204187
863 1.226208
864 1.245613
865 1.255392
866 1.250477
867 1.229795
868 1.195680
869 1.151986
870 1.102598
871 1.050755
872 0.998896
873 0.948727
874 0.901310
875 0.857110
876 0.815980
877 0.777172
878 0.739509
879 0.701849
880 0.663688
881 0.625533
882 0.588764
883 0.555226
884 0.526980
885 0.506368
886 0.496179
887 0.499584
888 0.519434
889 0.556828
890 0.609727
891 0.673038
892 0.740417
893 0.806314
894 0.866906
895 0.919953
896 0.964268
897 0.999297
898 1.024988
899 1.041798
900 1.050690
901 1.053062
902 1.050689
903 1.045715
904 1.040676
905 1.038447
906 1.041976
907 1.053666
908 1.074494
909 1.103024
910 1.134696
911 1.162390
912 1.179128
913 1.181349
914 1.169841
915 1.148159
916 1.120591
917 1.090966
918 1.062233
919 1.036398
920 1.014532
921 0.996730
922 0.982037
923 0.968454
924 0.953157
925 0.933080
926 0.905956
927 0.871497
928 0.831772
929 0.790306
930 0.750769
931 0.716288
932 0.689355
933 0.671844
934 0.664875
935 0.668563
936 0.681910
937 0.703023
938 0.729645
939 0.759766
940 0.792114
941 0.826405
942 0.863243
943 0.903483
944 0.947046
945 0.991971
946 1.034902
947 1.072749
948 1.103931
949 1.128496
950 1.147655
951 1.163223
952 1.177157
953 1.191170
954 1.206433
955 1.223394
956 1.241735
957 1.260430
958 1.277822
959 1.291578
960 1.298522
961 1.294761
962 1.276946
963 1.244354
964 1.199550
965 1.146802
966 1.090183
967 1.032672
968 0.976085
969 0.921304
970 0.868572
971 0.817775
972 0.768693
973 0.721193
974 0.675320
975 0.631308
976 0.589552
977 0.550600
978 0.515212
979 0.484493
980 0.460074
981 0.444313
982 0.440392
983 0.451992
984 0.482084
985 0.530946
986 0.594807
987 0.666712
988 0.739091
989 0.805939
990 0.863560
991 0.910267
992 0.945774
993 0.970643
994 0.985912
995 0.992878
996 0.993014
997 0.987970
998 0.979654
999 0.970338
1000 0.962752
1001 0.960010
1002 0.965206
1003 0.980626
1004 1.006750
1005 1.041302
1006 1.078822
1007 1.112006
1008 1.134987
1009 1.145864
1010 1.146365
1011 1.139948
1012 1.130249
1013 1.120336
1014 1.112457
1015 1.107947
1016 1.107180
1017 1.109542
1018 1.113466
1019 1.116514
1020 1.115467
1021 1.106593
1022 1.086650
1023 1.054728
1024 1.013329
1025 0.967095
1026 0.920603
1027 0.877212
1028 0.838948
1029 0.806712
1030 0.780472
1031 0.759440
1032 0.742312
1033 0.727581
1034 0.713911
1035 0.700463
1036 0.687149
1037 0.674774
1038 0.665176
1039 0.661327
1040 0.667154
1041 0.686467
1042 0.720869
1043 0.768074
1044 0.822677
1045 0.878826
1046 0.932298
1047 0.980915
1048 1.023994
1049 1.061635
1050 1.094225
1051 1.122167
1052 1.145783
1053 1.165352
1054 1.181208
1055 1.193893
1056 1.204334
1057 1.213970
1058 1.224688
1059 1.238262
1060 1.255129
1061 1.272940
1062 1.286218
1063 1.288448
1064 1.275486
1065 1.247173
1066 1.206257
1067 1.156501
1068 1.101449
1069 1.043964
1070 0.986190
1071 0.929644
1072 0.875333
1073 0.823826
1074 0.775291
1075 0.729516
1076 0.685997
1077 0.644176
1078 0.603810
1079 0.565257
1080 0.529468
1081 0.497807
1082 0.471979
1083 0.454183
1084 0.447334
1085 0.455022
1086 0.480671
1087 0.525599
1088 0.586995
1089 0.658056
1090 0.730704
1091 0.798457
1092 0.857459
1093 0.906035
1094 0.943854
1095 0.971297
1096 0.989153
1097 0.998506
1098 1.000695
1099 0.997297
1100 0.990146
1101 0.981409
1102 0.973686
1103 0.970009
1104 0.973559
1105 0.986926
1106 1.011033
1107 1.044061
1108 1.080921
1109 1.114365
1110 1.138095
1111 1.149519
1112 1.149833
1113 1.142310
1114 1.130654
1115 1.118124
1116 1.107193
1117 1.099442
1118 1.095508
1119 1.095035
1120 1.096670
1121 1.098111
1122 1.096200
1123 1.087212
1124 1.067817
1125 1.036841
1126 0.996426
1127 0.950987
1128 0.905085
1129 0.862205
1130 0.824575
1131 0.793330
1132 0.768669
1133 0.749978
1134 0.736027
1135 0.725257
1136 0.716157
1137 0.707637
1138 0.699344
1139 0.691886
1140 0.687004
1141 0.687654
1142 0.697718
1143 0.720768
1144 0.757882
1145 0.806213
1146 0.860171
1147 0.914200
1148 0.964614
1149 1.009770
1150 1.049409
1151 1.083943
1152 1.113981
1153 1.140068
1154 1.162618
1155 1.181942
1156 1.198359
1157 1.212344
1158 1.224702
1159 1.236669
1160 1.249762
1161 1.265031
1162 1.281665
1163 1.295788
1164 1.301211
1165 1.292623
1166 1.268390
1167 1.230440
1168 1.182357
1169 1.127794
1170 1.069782
1171 1.010614
1172 0.951945
1173 0.894917
1174 0.840268
1175 0.788392
1176 0.739373
1177 0.693021
1178 0.648978
1179 0.606960
1180 0.567048
1181 0.529843
1182 0.496407
1183 0.468171
1184 0.447014
1185 0.435496
1186 0.436993
1187 0.455290
1188 0.493052
1189 0.549452
1190 0.618967
1191 0.693236
1192 0.764479
1193 0.827557
1194 0.880008
1195 0.921189
1196 0.951448
1197 0.971623
1198 0.982832
1199 0.986405
1200 0.983860
